 1,1,1657041650,880000,1657041650,880385,385
 1,1,1657041650,920000,1657041650,920803,803
 1,1,1657041650,960000,1657041650,961026,1026
 1,1,1657041651,0,1657041651,1038,1038
 1,1,1657041651,40000,1657041651,40772,772
 1,1,1657041651,80000,1657041651,80650,650
 1,1,1657041651,120000,1657041651,120590,590
 1,1,1657041651,160000,1657041651,160639,639
 1,1,1657041651,200000,1657041651,200644,644
 1,1,1657041651,240000,1657041651,240673,673
 1,1,1657041651,280000,1657041651,280682,682
 1,1,1657041651,320000,1657041651,320720,720
 1,1,1657041651,360000,1657041651,360638,638
 1,1,1657041651,400000,1657041651,400630,630
 1,1,1657041651,440000,1657041651,440695,695
 1,1,1657041651,480000,1657041651,480704,704
 1,1,1657041651,520000,1657041651,520670,670
 1,1,1657041651,560000,1657041651,561026,1026
 1,1,1657041651,600000,1657041651,601031,1031
 1,1,1657041651,640000,1657041651,640596,596
 1,1,1657041651,680000,1657041651,680637,637
 1,1,1657041651,720000,1657041651,720672,672
 1,1,1657041651,760000,1657041651,760687,687
 1,1,1657041651,800000,1657041651,800702,702
 1,1,1657041651,840000,1657041651,840667,667
 1,1,1657041651,880000,1657041651,880593,593
 1,1,1657041651,920000,1657041651,920727,727
 1,1,1657041651,960000,1657041651,960833,833
 1,1,1657041652,0,1657041652,652,652
 1,1,1657041652,40000,1657041652,40957,957
 1,1,1657041652,80000,1657041652,81033,1033
 1,1,1657041652,120000,1657041652,121162,1162
 1,1,1657041652,160000,1657041652,161194,1194
 1,1,1657041652,200000,1657041652,200802,802
 1,1,1657041652,240000,1657041652,240728,728
 1,1,1657041652,280000,1657041652,280980,980
 1,1,1657041652,320000,1657041652,321182,1182
 1,1,1657041652,360000,1657041652,360960,960
 1,1,1657041652,400000,1657041652,401137,1137
 1,1,1657041652,440000,1657041652,440841,841
 1,1,1657041652,480000,1657041652,481201,1201
 1,1,1657041652,520000,1657041652,520792,792
 1,1,1657041652,560000,1657041652,560853,853
 1,1,1657041652,600000,1657041652,600959,959
 1,1,1657041652,640000,1657041652,641064,1064
 1,1,1657041652,680000,1657041652,680774,774
 1,1,1657041652,720000,1657041652,720885,885
 1,1,1657041652,760000,1657041652,760959,959
 1,1,1657041652,800000,1657041652,800960,960
 1,1,1657041652,840000,1657041652,841134,1134
 1,1,1657041652,880000,1657041652,880842,842
 1,1,1657041652,920000,1657041652,920964,964
 1,1,1657041652,960000,1657041652,960970,970
 1,1,1657041653,0,1657041653,1038,1038
 1,1,1657041653,40000,1657041653,40969,969
 1,1,1657041653,80000,1657041653,80964,964
 1,1,1657041653,120000,1657041653,121187,1187
 1,1,1657041653,160000,1657041653,160868,868
 1,1,1657041653,200000,1657041653,200809,809
 1,1,1657041653,240000,1657041653,240864,864
 1,1,1657041653,280000,1657041653,280839,839
 1,1,1657041653,320000,1657041653,320952,952
 1,1,1657041653,360000,1657041653,361174,1174
 1,1,1657041653,400000,1657041653,401188,1188
 1,1,1657041653,440000,1657041653,440963,963
 1,1,1657041653,480000,1657041653,481136,1136
 1,1,1657041653,520000,1657041653,521185,1185
 1,1,1657041653,560000,1657041653,560974,974
 1,1,1657041653,600000,1657041653,601049,1049
 1,1,1657041653,640000,1657041653,640935,935
 1,1,1657041653,680000,1657041653,680718,718
 1,1,1657041653,720000,1657041653,720961,961
 1,1,1657041653,760000,1657041653,761141,1141
 1,1,1657041653,800000,1657041653,801150,1150
 1,1,1657041653,840000,1657041653,840964,964
 1,1,1657041653,880000,1657041653,881141,1141
 1,1,1657041653,920000,1657041653,921137,1137
 1,1,1657041653,960000,1657041653,961005,1005
 1,1,1657041654,0,1657041654,977,977
 1,1,1657041654,40000,1657041654,40984,984
 1,1,1657041654,80000,1657041654,81131,1131
 1,1,1657041654,120000,1657041654,121132,1132
 1,1,1657041654,160000,1657041654,161108,1108
 1,1,1657041654,200000,1657041654,200798,798
 1,1,1657041654,240000,1657041654,240944,944
 1,1,1657041654,280000,1657041654,280989,989
 1,1,1657041654,320000,1657041654,321120,1120
 1,1,1657041654,360000,1657041654,360972,972
 1,1,1657041654,400000,1657041654,401186,1186
 1,1,1657041654,440000,1657041654,440974,974
 1,1,1657041654,480000,1657041654,481186,1186
 1,1,1657041654,520000,1657041654,521150,1150
 1,1,1657041654,560000,1657041654,560986,986
 1,1,1657041654,600000,1657041654,600965,965
 1,1,1657041654,640000,1657041654,640962,962
 1,1,1657041654,680000,1657041654,680721,721
 1,1,1657041654,720000,1657041654,721120,1120
 1,1,1657041654,760000,1657041654,761143,1143
 1,1,1657041654,800000,1657041654,800993,993
 1,1,1657041654,840000,1657041654,840810,810
 1,1,1657041654,880000,1657041654,881183,1183
 1,1,1657041654,920000,1657041654,921149,1149
 1,1,1657041654,960000,1657041654,961146,1146
 1,1,1657041655,0,1657041655,1048,1048
 1,1,1657041655,40000,1657041655,40746,746
 1,1,1657041655,80000,1657041655,81134,1134
 1,1,1657041655,120000,1657041655,120852,852
 1,1,1657041655,160000,1657041655,160962,962
 1,1,1657041655,200000,1657041655,200753,753
 1,1,1657041655,240000,1657041655,240639,639
 1,1,1657041655,280000,1657041655,281009,1009
 1,1,1657041655,320000,1657041655,321146,1146
 1,1,1657041655,360000,1657041655,361160,1160
 1,1,1657041655,400000,1657041655,400766,766
 1,1,1657041655,440000,1657041655,440653,653
 1,1,1657041655,480000,1657041655,480615,615
 1,1,1657041655,520000,1657041655,520699,699
 1,1,1657041655,560000,1657041655,560692,692
 1,1,1657041655,600000,1657041655,600677,677
 1,1,1657041655,640000,1657041655,640642,642
 1,1,1657041655,680000,1657041655,680635,635
 1,1,1657041655,720000,1657041655,720664,664
 1,1,1657041655,760000,1657041655,760956,956
 1,1,1657041655,800000,1657041655,800962,962
 1,1,1657041655,840000,1657041655,840810,810
 1,1,1657041655,880000,1657041655,880904,904
 1,1,1657041655,920000,1657041655,920825,825
 1,1,1657041655,960000,1657041655,960958,958
 1,1,1657041656,0,1657041656,1191,1191
 1,1,1657041656,40000,1657041656,40931,931
 1,1,1657041656,80000,1657041656,81052,1052
 1,1,1657041656,120000,1657041656,121131,1131
 1,1,1657041656,160000,1657041656,161208,1208
 1,1,1657041656,200000,1657041656,200836,836
 1,1,1657041656,240000,1657041656,240958,958
 1,1,1657041656,280000,1657041656,280826,826
 1,1,1657041656,320000,1657041656,320648,648
 1,1,1657041656,360000,1657041656,360705,705
 1,1,1657041656,400000,1657041656,400408,408
 1,1,1657041656,440000,1657041656,440656,656
 1,1,1657041656,480000,1657041656,480798,798
 1,1,1657041656,520000,1657041656,521136,1136
 1,1,1657041656,560000,1657041656,560936,936
 1,1,1657041656,600000,1657041656,601144,1144
 1,1,1657041656,640000,1657041656,640966,966
 1,1,1657041656,680000,1657041656,680963,963
 1,1,1657041656,720000,1657041656,721128,1128
 1,1,1657041656,760000,1657041656,761148,1148
 1,1,1657041656,800000,1657041656,800389,389
 1,1,1657041656,840000,1657041656,840651,651
 1,1,1657041656,880000,1657041656,880275,275
 1,1,1657041656,920000,1657041656,920389,389
 1,1,1657041656,960000,1657041656,960738,738
 1,1,1657041657,0,1657041657,659,659
 1,1,1657041657,40000,1657041657,40883,883
 1,1,1657041657,80000,1657041657,80839,839
 1,1,1657041657,120000,1657041657,121165,1165
 1,1,1657041657,160000,1657041657,161154,1154
 1,1,1657041657,200000,1657041657,200870,870
 1,1,1657041657,240000,1657041657,240973,973
 1,1,1657041657,280000,1657041657,280995,995
 1,1,1657041657,320000,1657041657,321192,1192
 1,1,1657041657,360000,1657041657,360991,991
 1,1,1657041657,400000,1657041657,401144,1144
 1,1,1657041657,440000,1657041657,441147,1147
 1,1,1657041657,480000,1657041657,480838,838
 1,1,1657041657,520000,1657041657,520786,786
 1,1,1657041657,560000,1657041657,560806,806
 1,1,1657041657,600000,1657041657,600789,789
 1,1,1657041657,640000,1657041657,640775,775
 1,1,1657041657,680000,1657041657,680696,696
 1,1,1657041657,720000,1657041657,720840,840
 1,1,1657041657,760000,1657041657,761080,1080
 1,1,1657041657,800000,1657041657,800828,828
 1,1,1657041657,840000,1657041657,841151,1151
 1,1,1657041657,880000,1657041657,881149,1149
 1,1,1657041657,920000,1657041657,921155,1155
 1,1,1657041657,960000,1657041657,961143,1143
 1,1,1657041658,0,1657041658,868,868
 1,1,1657041658,40000,1657041658,40971,971
 1,1,1657041658,80000,1657041658,81149,1149
 1,1,1657041658,120000,1657041658,120856,856
 1,1,1657041658,160000,1657041658,161162,1162
 1,1,1657041658,200000,1657041658,200834,834
 1,1,1657041658,240000,1657041658,240826,826
 1,1,1657041658,280000,1657041658,280912,912
 1,1,1657041658,320000,1657041658,321145,1145
 1,1,1657041658,360000,1657041658,360844,844
 1,1,1657041658,400000,1657041658,401149,1149
 1,1,1657041658,440000,1657041658,441051,1051
 1,1,1657041658,480000,1657041658,481204,1204
 1,1,1657041658,520000,1657041658,521216,1216
 1,1,1657041658,560000,1657041658,560808,808
 1,1,1657041658,600000,1657041658,600804,804
 1,1,1657041658,640000,1657041658,640370,370
 1,1,1657041658,680000,1657041658,680646,646
 1,1,1657041658,720000,1657041658,720546,546
 1,1,1657041658,760000,1657041658,761027,1027
 1,1,1657041658,800000,1657041658,800822,822
 1,1,1657041658,840000,1657041658,841063,1063
 1,1,1657041658,880000,1657041658,880979,979
 1,1,1657041658,920000,1657041658,921140,1140
 1,1,1657041658,960000,1657041658,961202,1202
 1,1,1657041659,0,1657041659,820,820
 1,1,1657041659,40000,1657041659,40704,704
 1,1,1657041659,80000,1657041659,80883,883
 1,1,1657041659,120000,1657041659,121132,1132
 1,1,1657041659,160000,1657041659,161143,1143
 1,1,1657041659,200000,1657041659,200780,780
 1,1,1657041659,240000,1657041659,240976,976
 1,1,1657041659,280000,1657041659,280807,807
 1,1,1657041659,320000,1657041659,320951,951
 1,1,1657041659,360000,1657041659,360856,856
 1,1,1657041659,400000,1657041659,401203,1203
 1,1,1657041659,440000,1657041659,441135,1135
 1,1,1657041659,480000,1657041659,481162,1162
 1,1,1657041659,520000,1657041659,521209,1209
 1,1,1657041659,560000,1657041659,561206,1206
 1,1,1657041659,600000,1657041659,601136,1136
 1,1,1657041659,640000,1657041659,641151,1151
 1,1,1657041659,680000,1657041659,680730,730
 1,1,1657041659,720000,1657041659,720970,970
 1,1,1657041659,760000,1657041659,760306,306
 1,1,1657041659,800000,1657041659,800855,855
 1,1,1657041659,840000,1657041659,841151,1151
 1,1,1657041659,880000,1657041659,880984,984
 1,1,1657041659,920000,1657041659,920387,387
 1,1,1657041659,960000,1657041659,960683,683
 1,1,1657041660,0,1657041660,743,743
 1,1,1657041660,40000,1657041660,40747,747
 1,1,1657041660,80000,1657041660,80827,827
 1,1,1657041660,120000,1657041660,121158,1158
 1,1,1657041660,160000,1657041660,161145,1145
 1,1,1657041660,200000,1657041660,201156,1156
 1,1,1657041660,240000,1657041660,240961,961
 1,1,1657041660,280000,1657041660,280958,958
 1,1,1657041660,320000,1657041660,321198,1198
 1,1,1657041660,360000,1657041660,360963,963
 1,1,1657041660,400000,1657041660,401186,1186
 1,1,1657041660,440000,1657041660,440918,918
 1,1,1657041660,480000,1657041660,481146,1146
 1,1,1657041660,520000,1657041660,521191,1191
 1,1,1657041660,560000,1657041660,561198,1198
 1,1,1657041660,600000,1657041660,601194,1194
 1,1,1657041660,640000,1657041660,641145,1145
 1,1,1657041660,680000,1657041660,680684,684
 1,1,1657041660,720000,1657041660,720986,986
 1,1,1657041660,760000,1657041660,761144,1144
 1,1,1657041660,800000,1657041660,801119,1119
 1,1,1657041660,840000,1657041660,841151,1151
 1,1,1657041660,880000,1657041660,881195,1195
 1,1,1657041660,920000,1657041660,920763,763
 1,1,1657041660,960000,1657041660,960735,735
 1,1,1657041661,0,1657041661,664,664
 1,1,1657041661,40000,1657041661,40638,638
 1,1,1657041661,80000,1657041661,80728,728
 1,1,1657041661,120000,1657041661,120825,825
 1,1,1657041661,160000,1657041661,160890,890
 1,1,1657041661,200000,1657041661,200878,878
 1,1,1657041661,240000,1657041661,240803,803
 1,1,1657041661,280000,1657041661,280803,803
 1,1,1657041661,320000,1657041661,320821,821
 1,1,1657041661,360000,1657041661,360838,838
 1,1,1657041661,400000,1657041661,400890,890
 1,1,1657041661,440000,1657041661,440881,881
 1,1,1657041661,480000,1657041661,480866,866
 1,1,1657041661,520000,1657041661,520843,843
 1,1,1657041661,560000,1657041661,560996,996
 1,1,1657041661,600000,1657041661,601163,1163
 1,1,1657041661,640000,1657041661,641142,1142
 1,1,1657041661,680000,1657041661,680666,666
 1,1,1657041661,720000,1657041661,720995,995
 1,1,1657041661,760000,1657041661,760998,998
 1,1,1657041661,800000,1657041661,801157,1157
 1,1,1657041661,840000,1657041661,841040,1040
 1,1,1657041661,880000,1657041661,880983,983
 1,1,1657041661,920000,1657041661,921031,1031
 1,1,1657041661,960000,1657041661,960990,990
 1,1,1657041662,0,1657041662,1143,1143
 1,1,1657041662,40000,1657041662,40984,984
 1,1,1657041662,80000,1657041662,81164,1164
 1,1,1657041662,120000,1657041662,121214,1214
 1,1,1657041662,160000,1657041662,160973,973
 1,1,1657041662,200000,1657041662,200972,972
 1,1,1657041662,240000,1657041662,240862,862
 1,1,1657041662,280000,1657041662,280817,817
 1,1,1657041662,320000,1657041662,320714,714
 1,1,1657041662,360000,1657041662,360821,821
 1,1,1657041662,400000,1657041662,401095,1095
 1,1,1657041662,440000,1657041662,440818,818
 1,1,1657041662,480000,1657041662,480686,686
 1,1,1657041662,520000,1657041662,520701,701
 1,1,1657041662,560000,1657041662,560681,681
 1,1,1657041662,600000,1657041662,600722,722
 1,1,1657041662,640000,1657041662,640665,665
 1,1,1657041662,680000,1657041662,680683,683
 1,1,1657041662,720000,1657041662,720939,939
 1,1,1657041662,760000,1657041662,760830,830
 1,1,1657041662,800000,1657041662,800991,991
 1,1,1657041662,840000,1657041662,840978,978
 1,1,1657041662,880000,1657041662,881002,1002
 1,1,1657041662,920000,1657041662,921038,1038
 1,1,1657041662,960000,1657041662,960898,898
 1,1,1657041663,0,1657041663,357,357
 1,1,1657041663,40000,1657041663,40703,703
 1,1,1657041663,80000,1657041663,80270,270
 1,1,1657041663,120000,1657041663,120535,535
 1,1,1657041663,160000,1657041663,160692,692
 1,1,1657041663,200000,1657041663,200764,764
 1,1,1657041663,240000,1657041663,240976,976
 1,1,1657041663,280000,1657041663,280938,938
 1,1,1657041663,320000,1657041663,321126,1126
 1,1,1657041663,360000,1657041663,360980,980
 1,1,1657041663,400000,1657041663,400765,765
 1,1,1657041663,440000,1657041663,440449,449
 1,1,1657041663,480000,1657041663,480648,648
 1,1,1657041663,520000,1657041663,520824,824
 1,1,1657041663,560000,1657041663,560659,659
 1,1,1657041663,600000,1657041663,600698,698
 1,1,1657041663,640000,1657041663,640802,802
 1,1,1657041663,680000,1657041663,680732,732
 1,1,1657041663,720000,1657041663,720797,797
 1,1,1657041663,760000,1657041663,760823,823
 1,1,1657041663,800000,1657041663,800808,808
 1,1,1657041663,840000,1657041663,840800,800
 1,1,1657041663,880000,1657041663,880789,789
 1,1,1657041663,920000,1657041663,920802,802
 1,1,1657041663,960000,1657041663,960792,792
 1,1,1657041664,0,1657041664,1150,1150
 1,1,1657041664,40000,1657041664,40801,801
 1,1,1657041664,80000,1657041664,80816,816
 1,1,1657041664,120000,1657041664,120789,789
 1,1,1657041664,160000,1657041664,160779,779
 1,1,1657041664,200000,1657041664,200699,699
 1,1,1657041664,240000,1657041664,240710,710
 1,1,1657041664,280000,1657041664,280730,730
 1,1,1657041664,320000,1657041664,320831,831
 1,1,1657041664,360000,1657041664,360776,776
 1,1,1657041664,400000,1657041664,401208,1208
 1,1,1657041664,440000,1657041664,440926,926
 1,1,1657041664,480000,1657041664,480795,795
 1,1,1657041664,520000,1657041664,520811,811
 1,1,1657041664,560000,1657041664,560791,791
 1,1,1657041664,600000,1657041664,600811,811
 1,1,1657041664,640000,1657041664,640777,777
 1,1,1657041664,680000,1657041664,680699,699
 1,1,1657041664,720000,1657041664,720779,779
 1,1,1657041664,760000,1657041664,760778,778
 1,1,1657041664,800000,1657041664,801143,1143
 1,1,1657041664,840000,1657041664,840846,846
 1,1,1657041664,880000,1657041664,880913,913
 1,1,1657041664,920000,1657041664,920986,986
 1,1,1657041664,960000,1657041664,961161,1161
 1,1,1657041665,0,1657041665,1208,1208
 1,1,1657041665,40000,1657041665,40982,982
 1,1,1657041665,80000,1657041665,81198,1198
 1,1,1657041665,120000,1657041665,121147,1147
 1,1,1657041665,160000,1657041665,160979,979
 1,1,1657041665,200000,1657041665,201050,1050
 1,1,1657041665,240000,1657041665,240989,989
 1,1,1657041665,280000,1657041665,280970,970
 1,1,1657041665,320000,1657041665,321213,1213
 1,1,1657041665,360000,1657041665,361003,1003
 1,1,1657041665,400000,1657041665,401137,1137
 1,1,1657041665,440000,1657041665,441223,1223
 1,1,1657041665,480000,1657041665,481222,1222
 1,1,1657041665,520000,1657041665,521041,1041
 1,1,1657041665,560000,1657041665,560964,964
 1,1,1657041665,600000,1657041665,601208,1208
 1,1,1657041665,640000,1657041665,641233,1233
 1,1,1657041665,680000,1657041665,680716,716
 1,1,1657041665,720000,1657041665,721169,1169
 1,1,1657041665,760000,1657041665,761209,1209
 1,1,1657041665,800000,1657041665,801031,1031
 1,1,1657041665,840000,1657041665,840763,763
 1,1,1657041665,880000,1657041665,880750,750
 1,1,1657041665,920000,1657041665,920792,792
 1,1,1657041665,960000,1657041665,960816,816
 1,1,1657041666,0,1657041666,812,812
 1,1,1657041666,40000,1657041666,40789,789
 1,1,1657041666,80000,1657041666,80805,805
 1,1,1657041666,120000,1657041666,121155,1155
 1,1,1657041666,160000,1657041666,161160,1160
 1,1,1657041666,200000,1657041666,201032,1032
 1,1,1657041666,240000,1657041666,241004,1004
 1,1,1657041666,280000,1657041666,280989,989
 1,1,1657041666,320000,1657041666,320897,897
 1,1,1657041666,360000,1657041666,360310,310
 1,1,1657041666,400000,1657041666,400688,688
 1,1,1657041666,440000,1657041666,441162,1162
 1,1,1657041666,480000,1657041666,481150,1150
 1,1,1657041666,520000,1657041666,521148,1148
 1,1,1657041666,560000,1657041666,560984,984
 1,1,1657041666,600000,1657041666,601148,1148
 1,1,1657041666,640000,1657041666,641182,1182
 1,1,1657041666,680000,1657041666,680739,739
 1,1,1657041666,720000,1657041666,720966,966
 1,1,1657041666,760000,1657041666,761309,1309
